		Chr1_9765	Chr1_11951	Chr1_11989	Chr1_27336	Chr1_33527	Chr1_41394	Chr1_42563	Chr1_58201	Chr1_72147	Chr1_97675	Chr1_112586	Chr1_119579	Chr1_128722	Chr1_141713	Chr1_168889	Chr1_170740	Chr1_173556	Chr1_182664	Chr1_184595	Chr1_201230	Chr1_202361	Chr1_208608	Chr1_210635	Chr1_229019	Chr1_247973	Chr1_263862	Chr1_281979	Chr1_298456	Chr1_303755	Chr1_307490	Chr1_323962	Chr1_328165	Chr1_328660	Chr1_337114	Chr1_339758	Chr1_344788	Chr1_350083	Chr1_352796	Chr1_361926	Chr1_365605	Chr1_380309	Chr1_387201	Chr1_389969	Chr1_391867	Chr1_392315	Chr1_396913	Chr1_402262	Chr1_403335	Chr1_415674	Chr1_416653	Chr1_424193	Chr1_461080	Chr1_461370	Chr1_462448	Chr1_466883	Chr1_501349	Chr1_518934	Chr1_533916	Chr1_567477	Chr1_581547	Chr1_599905	Chr1_601335	Chr1_602039	Chr1_603933	Chr1_607967	Chr1_608483	Chr1_609433	Chr1_614703	Chr1_620474	Chr1_631050	Chr1_640079	Chr1_688439	Chr1_692478	Chr1_704176	Chr1_706796	Chr1_710349	Chr1_717275	Chr1_722386	Chr1_736226	Chr1_736798	Chr1_749848	Chr1_763588	Chr1_768893	Chr1_797625	Chr1_829379	Chr1_839194	Chr1_859924	Chr1_861800	Chr1_874703	Chr1_887440	Chr1_911534	Chr1_923148	Chr1_934624	Chr1_955169	Chr1_959194	Chr1_976557	Chr1_978583	Chr1_1004023
CG1697_Ea	1	2	2	2	3	3	1	1	3	3	4	3	2	3	3	1	2	2	2	1	1	1	2	4	1	3	1	4	2	4	3	3	3	4	2	3	2	2	4	1	3	3	2	2	3	2	3	3	4	3	3	4	3	3	3	1	2	4	4	4	4	4	3	4	2	4	4	1	1	1	1	1	4	1	3	1	3	1	3	1	4	1	4	1	2	4	3	4	3	2	4	3	2	2	2	1	3	2	1
CG1697_Ea	1	2	2	2	3	3	1	1	3	3	4	3	2	3	3	1	2	2	2	1	1	1	2	4	1	3	1	4	2	4	3	3	3	4	2	3	2	2	4	1	3	3	2	2	3	2	3	3	4	3	3	4	3	3	3	1	2	4	4	4	4	4	3	4	2	4	4	1	1	1	1	4	4	3	3	1	3	1	3	1	4	4	4	3	4	4	3	4	3	2	4	3	2	2	2	1	3	2	1
CG5801_Ea	1	2	2	2	3	3	1	1	3	3	4	3	2	3	3	1	2	2	2	1	1	1	2	4	1	3	1	4	2	4	3	3	3	4	2	3	2	2	4	1	3	3	2	2	3	2	3	3	4	3	3	4	3	3	3	1	2	4	4	4	4	4	3	4	2	4	4	1	1	1	1	4	4	1	3	1	3	1	3	1	4	1	4	1	2	4	3	4	3	2	4	3	2	2	2	1	3	2	1
CG5801_Ea	1	2	2	2	3	3	1	1	3	3	4	3	2	3	3	1	2	2	2	1	1	1	2	4	1	3	1	4	2	4	3	3	3	4	2	3	2	2	4	1	3	3	2	2	3	2	3	3	4	3	3	4	3	3	3	1	2	4	4	4	4	4	3	4	2	4	4	1	1	1	1	4	4	1	3	1	3	1	3	1	4	1	4	1	2	4	3	4	3	2	4	3	2	2	2	1	3	2	1
CG1811_Ea	1	2	2	2	3	3	1	1	3	3	4	3	2	3	3	1	2	2	2	1	1	1	2	4	1	3	1	4	2	4	3	3	3	4	2	3	2	2	4	1	3	3	2	2	3	2	3	3	1	3	3	4	3	3	3	1	2	4	4	4	4	4	3	4	2	4	4	1	1	1	1	1	4	1	3	1	3	1	3	1	4	1	4	3	2	4	3	4	3	2	4	3	2	2	2	1	3	2	1
CG1811_Ea	1	2	2	2	3	4	1	1	3	3	4	3	2	3	3	1	2	2	2	1	1	1	2	4	1	3	1	4	2	4	3	3	3	4	2	3	2	2	4	1	3	3	2	2	3	2	3	4	4	3	3	4	3	3	3	1	2	4	4	4	4	4	3	4	2	4	4	1	1	1	1	4	4	3	3	1	3	1	3	1	4	4	4	3	4	4	3	4	3	2	4	3	2	2	2	3	3	2	1
CG3085_Ea	1	2	2	2	3	3	1	1	3	3	4	3	2	3	3	1	2	2	2	1	1	1	2	4	1	3	1	4	2	4	3	3	3	4	2	3	2	2	4	1	3	3	2	2	3	2	3	3	4	3	3	4	3	3	3	1	2	4	4	4	4	4	3	4	2	4	4	1	1	1	1	4	4	1	3	1	3	1	3	1	4	1	4	1	2	4	3	4	3	2	4	3	2	2	2	1	3	2	1
CG3085_Ea	1	2	2	2	3	3	1	1	3	3	4	3	2	3	3	1	2	2	2	1	1	1	2	4	1	3	1	4	2	4	3	3	3	4	2	3	2	2	4	1	3	3	2	2	3	2	3	3	4	3	3	4	3	3	3	1	2	4	4	4	4	4	3	4	2	4	4	1	1	1	1	4	4	3	3	1	3	1	3	1	4	4	4	3	4	4	3	4	3	2	4	3	2	2	2	1	3	2	1
CG3087_Ea	1	2	2	2	1	3	1	1	3	3	3	3	2	3	3	1	2	2	2	1	1	1	2	4	1	3	1	4	2	4	3	3	3	4	2	3	2	2	4	1	3	3	2	2	3	2	3	3	4	3	3	4	3	3	3	1	2	4	4	4	4	4	3	4	2	4	4	1	1	1	1	4	4	1	3	1	3	1	3	1	4	1	4	1	2	4	3	4	3	2	4	3	2	2	2	1	3	2	1
CG3087_Ea	1	2	2	2	1	3	1	1	3	3	3	3	2	3	3	1	2	2	2	1	1	1	2	4	1	3	1	4	2	4	3	3	3	4	2	3	2	2	4	1	3	3	2	2	3	2	3	3	4	3	3	4	3	3	3	1	2	4	4	4	4	4	3	4	2	4	4	1	1	1	1	4	4	1	3	1	3	1	3	1	4	1	4	1	2	4	3	4	3	2	4	3	2	2	2	1	3	2	1
CG4081_Ea	1	2	2	2	3	3	1	1	3	3	4	3	2	1	3	1	2	2	2	1	1	1	2	4	1	3	1	4	2	4	3	3	3	4	2	3	2	2	4	1	3	3	2	2	3	2	3	3	4	3	3	4	3	3	3	1	2	4	4	4	4	4	3	4	2	4	4	1	1	1	1	4	4	1	3	1	3	1	3	1	4	1	4	1	2	4	3	4	3	2	4	3	1	2	2	1	3	2	1
CG4081_Ea	1	2	2	2	3	3	1	1	3	3	4	3	2	3	3	1	2	2	2	1	1	1	2	4	1	3	1	4	2	4	3	3	3	4	2	3	2	2	4	1	3	3	2	2	3	2	3	3	4	3	3	4	3	3	3	1	2	4	4	4	4	4	3	4	2	4	4	1	1	1	1	4	4	1	3	1	3	1	3	1	4	4	4	3	4	4	3	4	3	2	4	3	2	2	4	3	3	2	1
CG4182_Ea	1	2	2	2	1	4	1	1	3	3	4	3	2	1	3	1	2	2	2	1	1	1	2	4	1	3	1	4	2	4	3	3	3	4	2	3	2	2	4	1	3	3	2	2	3	2	3	3	4	3	3	4	3	3	3	1	2	4	4	4	4	4	3	4	2	4	4	1	1	1	1	4	4	1	3	1	3	1	3	1	4	1	4	1	2	4	3	4	3	2	4	3	1	2	2	1	3	2	1
CG4182_Ea	1	2	2	2	1	4	1	1	3	3	4	3	2	1	3	1	2	2	2	1	1	1	2	4	1	3	1	4	2	4	3	3	3	4	2	3	2	2	4	1	3	3	2	2	3	2	3	3	4	3	3	4	3	3	3	1	2	4	4	4	4	4	3	4	2	4	4	1	1	1	1	4	4	3	3	1	3	1	4	1	4	4	4	3	4	4	3	4	3	2	4	3	2	2	4	3	3	2	1
CG4210_Ea	1	2	2	2	1	3	1	1	3	3	4	3	2	3	3	1	2	2	2	1	1	1	2	4	1	3	1	4	2	4	3	3	3	4	2	3	2	2	4	1	3	3	2	2	3	2	3	3	4	3	3	4	3	3	3	1	2	4	4	4	4	4	3	4	2	4	4	1	1	1	1	4	4	3	3	1	3	1	3	1	4	4	4	1	2	4	3	4	3	2	4	3	2	2	2	1	3	2	1
CG4210_Ea	1	2	2	2	1	3	1	1	3	3	4	3	2	3	3	1	2	2	2	1	1	1	2	4	1	3	1	4	2	4	3	3	3	4	2	3	2	2	4	1	3	3	2	2	3	2	3	3	4	3	3	4	3	3	3	1	2	4	4	4	4	4	3	4	2	4	4	1	1	1	1	4	4	3	3	1	3	1	3	1	4	4	4	1	2	4	3	4	3	2	4	3	2	2	2	1	3	2	1
CG1778_Ea	1	2	2	2	1	4	1	1	3	3	4	3	2	1	3	1	2	2	2	1	1	1	2	4	1	3	1	4	2	4	3	3	3	4	2	3	2	2	4	1	3	3	2	2	3	2	3	3	4	3	3	4	3	3	3	1	2	4	4	4	4	4	3	4	2	4	4	1	1	1	1	4	4	1	3	1	3	1	3	1	4	1	4	1	2	4	3	4	3	2	4	3	2	2	2	1	3	2	1
CG1778_Ea	1	2	2	2	1	4	1	1	3	3	4	3	2	1	3	1	2	2	2	1	1	1	2	4	1	3	1	4	2	4	3	3	3	4	2	3	2	2	4	1	3	3	2	2	3	2	3	3	4	3	3	4	3	3	3	1	2	4	4	4	4	4	3	4	2	4	4	1	1	1	1	4	4	1	3	1	3	1	3	1	4	1	4	1	2	4	3	4	3	2	4	3	2	2	2	1	3	2	1
CG1247_Ea	1	2	2	2	1	3	1	1	3	3	4	3	2	1	3	1	2	2	4	3	1	1	2	4	1	3	1	4	2	4	3	3	3	4	2	3	2	2	4	1	3	3	2	2	3	2	3	3	-9	3	3	4	3	3	3	1	2	4	4	4	4	4	3	4	2	4	4	1	1	1	1	4	4	1	3	1	3	1	3	1	4	1	4	3	4	4	3	4	3	2	4	3	2	2	4	3	2	2	1
CG1247_Ea	1	2	2	2	1	4	1	1	3	3	4	3	2	3	3	1	2	2	4	3	1	1	2	4	1	3	1	4	2	4	3	3	3	4	2	3	2	2	4	1	3	3	2	2	3	2	3	3	-9	3	3	4	3	3	3	1	2	4	4	4	4	4	3	4	2	4	4	1	1	1	1	4	4	1	3	1	3	1	3	1	4	4	4	3	4	4	3	4	3	2	4	3	2	2	4	3	2	2	1
CG1031_Ea	1	2	2	2	3	3	1	1	3	3	4	3	2	3	3	1	2	4	2	1	1	1	2	4	1	3	1	4	2	4	3	3	3	4	2	3	2	2	4	1	3	3	2	2	3	2	3	3	4	3	3	4	3	3	3	1	2	4	4	4	4	4	3	4	2	4	4	1	1	1	1	4	4	3	3	1	3	1	3	1	4	4	4	3	4	4	3	2	3	2	4	3	1	2	4	3	2	2	1
CG1031_Ea	1	2	2	2	3	3	1	1	3	3	4	3	2	3	3	1	2	4	2	1	1	1	2	4	1	3	1	4	2	4	3	3	3	4	2	3	2	2	4	1	3	3	2	2	3	2	3	3	4	3	3	4	3	3	3	1	2	4	4	4	4	4	3	4	2	4	4	1	1	1	1	4	4	3	3	1	3	1	3	1	4	4	4	3	4	4	3	2	3	2	4	3	1	2	4	3	2	2	1
CG1876_Ea	1	2	2	2	3	3	1	1	3	3	4	3	2	3	3	1	2	2	2	1	3	4	1	1	1	3	1	4	2	4	3	3	3	4	2	3	2	2	4	1	3	3	2	2	3	2	3	3	4	3	3	4	3	3	3	1	2	4	4	4	4	4	3	4	2	4	4	1	1	1	1	1	4	1	3	1	3	1	3	1	4	1	4	1	2	4	3	2	3	2	4	3	1	2	2	1	3	2	1
CG1876_Ea	1	2	2	2	3	3	1	1	3	3	4	3	2	3	3	1	2	2	2	1	3	4	1	1	1	3	1	4	2	4	3	3	3	4	2	3	2	2	4	1	3	3	2	2	3	2	3	3	4	3	3	4	3	3	3	1	2	4	4	4	4	4	3	4	2	4	4	1	1	1	1	1	4	1	3	1	3	1	3	1	4	1	4	1	2	4	3	2	3	2	4	3	1	2	2	1	3	2	1
CG3007_Ea	1	2	2	2	1	3	1	1	3	3	3	3	2	3	3	1	2	2	2	1	1	1	2	4	1	3	1	4	2	4	3	3	3	4	2	3	2	2	4	1	3	3	2	2	3	2	3	3	4	3	3	4	3	3	3	1	2	4	4	4	4	4	3	4	2	4	4	1	1	1	1	4	4	1	3	1	3	1	3	1	4	1	4	1	2	4	3	2	3	2	4	3	1	2	4	3	2	2	1
CG3007_Ea	1	2	2	2	1	4	1	1	3	3	3	3	2	3	3	1	2	2	2	1	1	1	2	4	1	3	1	4	2	4	3	3	3	4	2	3	2	2	4	1	3	3	2	2	3	2	3	3	4	3	3	4	3	3	3	1	2	4	4	4	4	4	3	4	2	4	4	1	1	1	1	4	4	3	3	1	3	1	3	1	4	4	4	3	4	4	3	2	3	2	4	3	1	2	4	3	2	2	1
CG3010_Ea	1	2	2	2	1	4	1	1	3	3	3	3	2	3	3	1	2	2	2	1	1	1	2	4	1	3	1	-9	2	4	3	3	3	4	2	3	2	2	4	1	3	3	2	2	3	2	3	3	4	3	3	4	3	3	3	1	2	4	4	4	4	4	3	4	2	4	4	1	1	1	1	4	4	1	3	1	3	1	3	1	4	1	4	1	2	4	3	4	3	2	4	3	2	2	2	1	3	2	1
CG3010_Ea	1	2	2	2	1	4	1	1	3	3	3	3	2	3	3	1	2	2	2	1	1	1	2	4	1	3	1	-9	2	4	3	3	3	4	2	3	2	2	4	1	3	3	2	2	3	2	3	3	4	3	3	4	3	3	3	1	2	4	4	4	4	4	3	4	2	4	4	1	1	1	1	4	4	1	3	1	3	1	3	1	4	1	4	1	2	4	3	4	3	2	4	3	2	2	2	1	3	2	1
CG3011_Ea	1	2	2	2	1	3	1	1	3	3	3	3	2	3	3	1	2	2	2	1	1	1	2	4	1	3	1	4	2	4	3	3	3	4	2	3	2	2	4	1	3	3	2	2	3	2	3	3	4	3	3	4	3	3	3	1	2	4	4	4	4	4	3	4	2	4	4	1	1	1	1	4	4	1	3	1	3	1	3	1	4	1	4	1	2	4	3	4	3	2	4	3	2	2	2	1	2	2	1
CG3011_Ea	1	2	2	2	3	4	1	1	3	3	4	3	2	3	3	1	2	2	2	1	1	1	2	4	1	3	1	4	2	4	3	3	3	4	2	3	2	2	4	1	3	3	2	2	3	2	3	3	4	3	3	4	3	3	3	1	2	4	4	4	4	4	3	4	2	4	4	1	1	1	1	4	4	1	3	1	3	1	3	1	4	4	4	3	4	4	3	4	3	2	4	3	2	2	2	1	3	2	1
CG3127_Ea	1	2	2	2	1	4	1	1	3	3	4	3	2	-9	3	1	3	2	2	1	1	1	2	4	1	3	1	-9	2	4	3	-9	3	4	2	3	2	2	4	1	3	3	2	2	3	2	3	3	4	3	3	4	3	3	3	1	2	4	4	4	4	4	3	4	2	4	4	1	1	1	1	4	4	3	3	1	3	1	3	1	4	4	4	3	4	4	3	2	3	2	4	3	1	2	4	3	2	2	1
CG3127_Ea	1	2	2	2	1	4	1	1	3	3	4	3	2	-9	3	1	3	2	2	1	1	1	2	4	1	3	1	-9	2	4	3	-9	3	4	2	3	2	2	4	1	3	3	2	2	3	2	3	3	4	3	3	4	3	3	3	1	2	4	4	4	4	4	3	4	2	4	4	1	1	1	1	4	4	3	3	1	3	1	3	1	4	4	4	3	4	4	3	2	3	2	4	3	1	2	4	3	2	2	1
CG3076_Ea	1	2	2	2	3	3	1	1	3	3	4	3	2	3	3	1	2	2	2	1	1	1	2	4	1	3	1	4	2	4	3	3	3	4	2	3	2	2	4	1	3	3	2	2	3	2	3	3	4	3	3	4	3	3	3	1	2	4	4	4	4	4	3	4	2	4	4	1	1	1	1	4	4	3	3	1	3	1	3	1	4	4	4	3	4	4	3	4	3	2	4	3	2	2	2	1	2	2	1
CG3076_Ea	1	2	2	2	3	3	1	1	3	3	4	3	2	3	3	1	2	2	2	1	1	1	2	4	1	3	1	4	2	4	3	3	3	4	2	3	2	2	4	1	3	3	2	2	3	2	3	3	4	3	3	4	3	3	3	1	2	4	4	4	4	4	3	4	2	4	4	1	1	1	1	4	4	3	3	1	3	1	3	1	4	4	4	3	4	4	3	4	3	2	4	3	2	2	2	1	2	2	1
CG3079_Ea	1	2	2	2	3	3	1	1	3	3	3	3	2	3	3	1	2	2	2	1	1	1	2	4	1	3	1	4	2	4	3	3	3	4	2	3	2	2	4	1	3	3	2	2	3	2	3	3	4	3	3	4	3	3	3	1	2	4	4	4	4	4	3	4	2	4	4	1	1	1	1	1	4	1	3	1	3	1	3	1	4	1	4	3	4	4	3	4	3	2	4	3	1	2	2	3	2	2	1
CG3079_Ea	1	2	2	2	3	3	1	1	3	3	4	3	2	3	3	1	3	2	2	1	3	1	2	4	1	3	1	4	2	4	3	3	3	4	2	3	2	2	4	1	3	3	2	2	3	2	3	3	4	3	3	4	3	3	3	1	2	4	4	4	4	4	3	4	2	4	4	1	1	1	1	4	4	3	3	1	3	1	3	1	4	4	4	3	4	4	3	4	3	2	4	3	2	2	4	3	3	2	1
CG1043_Ea	1	2	2	2	3	3	1	1	3	3	4	3	2	3	3	1	2	2	2	1	1	1	2	4	1	3	1	4	2	4	3	3	3	4	2	3	2	2	4	1	3	3	2	2	3	2	3	3	4	3	3	4	3	3	3	1	2	4	4	4	4	4	3	4	2	4	4	1	1	1	1	4	4	3	3	1	3	1	3	1	4	4	4	3	4	4	3	4	3	2	4	3	2	2	2	1	3	2	1
CG1043_Ea	1	2	2	2	3	3	1	1	3	3	4	3	2	3	3	1	2	2	2	1	1	1	2	4	1	3	1	4	2	4	3	3	3	4	2	3	2	2	4	1	3	3	2	2	3	2	3	3	4	3	3	4	3	3	3	1	2	4	4	4	4	4	3	4	2	4	4	1	1	1	1	4	4	3	3	1	3	1	3	1	4	4	4	3	4	4	3	4	3	2	4	3	2	2	2	1	3	2	1
CG1077_Ea	1	2	2	2	1	3	1	1	3	3	3	3	2	3	3	1	2	2	2	1	1	1	2	4	1	3	1	4	2	4	3	3	3	4	2	3	2	2	4	1	3	3	2	2	3	2	3	3	4	3	3	4	3	3	3	1	2	4	4	4	4	4	3	4	2	4	4	1	1	1	1	4	4	3	3	1	3	1	3	1	4	1	4	1	2	4	3	2	3	2	4	3	1	2	2	1	2	2	1
CG1077_Ea	1	2	2	2	3	3	1	1	3	3	4	3	2	3	3	1	2	2	2	1	1	1	2	4	1	3	1	4	2	4	3	3	3	4	2	3	2	2	4	1	3	3	2	2	3	2	3	3	4	3	3	4	3	3	3	1	2	4	4	4	4	4	3	4	2	4	4	1	1	1	1	4	4	3	3	1	3	1	3	1	4	4	4	3	4	4	3	4	3	2	4	3	2	2	4	3	3	2	1
CG1083_Ea	1	2	2	2	3	3	1	1	3	3	4	3	2	3	3	1	2	2	2	1	1	1	2	4	1	3	1	4	2	4	3	3	3	4	2	3	2	2	4	1	3	3	2	2	2	2	1	4	1	3	3	4	3	3	3	1	2	4	4	4	4	4	3	4	2	4	4	1	1	1	1	4	4	3	3	1	3	1	3	1	4	4	4	3	4	4	3	4	3	2	4	3	2	2	4	3	2	2	1
CG1083_Ea	1	2	2	2	3	3	1	1	3	3	4	3	2	3	3	1	2	2	2	1	1	1	2	4	1	3	1	4	2	4	3	3	3	4	2	3	2	2	4	1	3	3	2	2	2	2	1	4	1	3	3	4	3	3	3	1	2	4	4	4	4	4	3	4	2	4	4	1	1	1	1	4	4	3	3	1	3	1	3	1	4	4	4	3	4	4	3	4	3	2	4	3	2	2	4	3	2	2	1
CG1149_Ea	1	2	2	2	3	3	1	1	3	3	4	3	2	3	3	1	2	2	2	1	1	1	2	4	1	3	1	4	2	4	3	3	3	4	2	3	2	2	4	1	3	3	2	2	3	2	1	3	1	3	3	4	3	3	3	1	2	4	4	4	4	4	3	4	2	4	4	1	1	1	1	4	4	3	3	1	3	1	3	1	4	1	4	1	4	4	3	4	3	2	4	3	2	2	2	1	3	2	1
CG1149_Ea	1	2	2	2	3	3	1	1	3	3	4	3	2	3	3	1	2	2	2	1	1	1	2	4	1	3	1	4	2	4	3	3	3	4	2	3	2	2	4	1	3	3	2	2	3	2	3	4	4	3	3	4	3	3	3	1	2	4	4	4	4	4	3	4	2	4	4	1	1	1	1	4	4	3	3	1	3	1	3	1	4	1	4	3	4	4	3	4	3	2	4	3	2	2	2	1	3	2	1
CG1541_Ea	1	2	2	2	3	3	1	1	3	3	4	3	2	3	3	1	2	2	2	1	1	1	2	4	1	3	1	4	2	4	3	3	3	4	2	3	2	2	4	1	3	3	2	2	3	2	3	3	4	3	3	4	3	3	3	1	2	4	4	4	4	4	3	4	2	4	4	1	1	1	1	4	4	1	3	1	3	1	3	1	4	1	4	1	2	4	3	4	3	2	4	3	2	2	2	1	3	2	1
CG1541_Ea	1	2	2	2	3	3	1	1	3	3	4	3	2	3	3	1	2	2	2	1	1	1	2	4	1	3	1	4	2	4	3	3	3	4	2	3	2	2	4	1	3	3	2	2	3	2	3	3	4	3	3	4	3	3	3	1	2	4	4	4	4	4	3	4	2	4	4	1	1	1	1	4	4	1	3	1	3	1	3	1	4	1	4	1	2	4	3	4	3	2	4	3	2	2	2	1	3	2	1
CG1292_Ea	1	2	2	2	3	3	1	1	3	3	4	3	2	3	3	1	2	2	2	1	1	1	2	4	1	3	1	4	2	4	3	3	3	4	2	3	2	2	4	1	3	3	2	2	3	2	3	3	4	3	3	4	3	3	3	1	2	4	4	4	4	4	3	4	2	4	4	1	1	1	1	1	4	3	3	1	3	1	3	1	4	4	4	3	4	4	3	4	3	2	4	3	2	2	2	1	3	2	1
CG1292_Ea	1	2	2	2	3	3	1	1	3	3	4	3	2	3	3	1	2	2	4	1	1	1	2	4	1	3	1	4	2	4	3	3	3	4	2	3	2	2	4	1	3	3	2	2	3	2	3	3	4	3	3	4	3	3	3	1	2	4	4	4	4	4	3	4	2	4	4	1	1	1	1	1	4	3	3	1	3	1	3	1	4	4	4	3	4	4	3	4	3	2	4	3	2	2	2	1	3	2	1
CG1322_Ea	1	2	2	2	1	3	1	1	3	3	4	3	2	1	3	1	2	2	2	1	1	1	2	4	1	3	1	4	2	4	3	3	3	4	2	3	2	2	4	1	3	3	2	2	3	2	3	3	4	3	3	4	3	3	3	1	2	4	4	4	4	4	3	4	2	4	4	1	1	1	1	1	4	1	3	1	3	1	3	1	4	1	4	1	2	4	3	2	3	2	4	3	1	2	2	1	3	2	1
CG1322_Ea	1	2	2	2	3	4	1	1	3	3	4	3	2	3	3	1	2	4	2	1	1	1	2	4	1	3	1	4	2	4	3	3	3	4	2	3	2	2	4	1	3	3	2	2	3	2	3	3	4	3	3	4	3	3	3	1	2	4	4	4	4	4	3	4	2	4	4	1	1	1	1	4	4	3	3	1	3	1	3	1	4	4	4	1	4	4	3	4	3	2	4	3	2	2	2	3	3	2	1
CG4041_Ea	1	2	2	2	3	3	1	1	3	3	4	3	2	3	3	1	2	2	2	1	1	1	2	4	1	3	1	4	2	4	3	3	3	4	2	3	2	2	4	1	3	3	2	2	3	2	3	3	4	3	3	4	3	3	3	1	2	4	4	4	4	4	3	4	2	4	4	1	1	1	1	4	4	1	3	1	3	1	3	1	4	4	4	3	4	4	3	4	3	2	4	3	2	2	2	1	3	2	1
CG4041_Ea	1	2	2	2	3	3	1	1	3	3	4	3	2	3	3	1	2	2	2	1	1	1	2	4	1	3	1	4	2	4	3	3	3	4	2	3	2	2	4	1	3	3	2	2	3	2	3	3	4	3	3	4	3	3	3	1	2	4	4	4	4	4	3	4	2	4	4	1	1	1	1	4	4	1	3	1	3	1	3	1	4	4	4	3	4	4	3	4	3	2	4	3	2	2	2	1	3	2	1
CG1071_Ea	1	2	2	2	1	4	1	1	3	3	4	3	2	1	3	1	2	2	2	1	1	1	2	4	1	3	1	4	2	4	3	3	3	4	2	3	2	2	4	1	3	3	2	2	3	2	3	3	4	3	3	4	3	3	3	1	2	4	4	4	4	4	3	4	2	4	4	1	1	1	1	4	4	3	3	1	3	1	3	1	4	1	4	1	2	4	3	4	3	2	4	3	2	2	2	1	3	2	1
CG1071_Ea	1	2	2	2	1	4	1	1	3	3	4	3	2	1	3	1	2	2	2	1	1	1	2	4	1	3	1	4	2	4	3	3	3	4	2	3	2	2	4	1	3	3	2	2	3	2	3	3	4	3	3	4	3	3	3	1	2	4	4	4	4	4	3	4	2	4	4	1	1	1	1	4	4	3	3	1	3	1	3	1	4	1	4	1	2	4	3	4	3	2	4	3	2	2	2	1	3	2	1
CG1373_Ea	1	2	2	2	1	3	1	1	3	3	4	3	2	1	3	1	2	2	2	1	1	1	2	4	1	3	1	4	2	4	3	3	3	4	2	3	2	2	4	1	3	3	2	2	3	2	3	3	4	3	3	4	3	3	3	1	2	4	4	4	4	4	3	4	2	4	4	1	1	1	1	4	4	3	3	1	3	1	3	1	4	1	4	1	2	4	3	4	3	2	4	3	2	2	2	1	3	2	1
CG1373_Ea	1	2	2	2	3	3	1	1	3	3	4	3	2	3	3	1	2	2	2	1	1	1	2	4	1	3	1	4	2	4	3	3	3	4	2	3	2	2	4	1	3	3	2	2	3	2	3	3	4	3	3	4	3	3	3	1	2	4	4	4	4	4	3	4	2	4	4	1	1	1	1	4	4	3	3	1	3	1	3	1	4	4	4	3	4	4	3	4	3	2	4	3	2	2	2	1	3	2	1
CG4357_Ea	1	2	2	2	1	4	1	1	3	3	4	3	2	1	3	1	2	2	-9	1	1	1	2	4	1	3	1	4	-9	-9	3	3	3	4	2	3	2	2	4	1	3	3	2	2	3	2	3	3	4	3	3	3	-9	3	3	1	2	4	4	4	4	4	3	4	2	4	4	1	1	1	1	4	4	1	3	1	3	1	3	1	4	4	4	3	4	4	3	4	3	-9	4	3	2	2	2	1	3	2	1
CG4357_Ea	1	2	2	2	1	4	1	1	3	3	4	3	2	1	3	1	2	2	-9	1	1	1	2	4	1	3	1	4	-9	-9	3	3	3	4	2	3	2	2	4	1	3	3	2	2	3	2	3	3	4	3	3	4	-9	3	3	1	2	4	4	4	4	4	3	4	2	4	4	1	1	1	1	4	4	1	3	1	3	1	3	1	4	4	4	3	4	4	3	4	3	-9	4	3	2	2	2	1	3	2	1
CG4358_Ea	1	2	2	2	3	3	1	1	3	3	4	3	2	1	3	1	2	2	2	1	1	1	2	4	1	3	1	4	2	4	3	3	3	4	2	3	2	2	4	1	3	3	2	2	3	2	3	-9	4	3	3	4	3	3	3	1	2	4	4	4	4	4	3	-9	2	4	4	1	1	1	1	4	4	1	3	1	3	1	3	1	4	4	4	3	4	4	3	4	3	2	4	3	2	2	4	3	2	2	1
CG4358_Ea	1	2	2	2	3	3	1	1	3	3	4	3	2	1	3	1	2	2	2	1	1	1	2	4	1	3	1	4	2	4	3	3	3	4	2	3	2	2	4	1	3	3	2	2	3	2	3	-9	4	3	3	4	3	3	3	1	2	4	4	4	4	4	3	-9	2	4	4	1	1	1	1	4	4	1	3	1	3	1	3	1	4	4	4	3	4	4	3	4	3	2	4	3	2	2	4	3	2	2	1
CG4359_Ea	1	2	2	2	3	3	1	1	3	3	4	3	2	3	3	1	2	2	2	-9	1	1	2	4	1	3	-9	4	2	4	-9	3	3	4	2	-9	2	2	4	1	3	3	2	2	3	-9	3	3	4	3	3	4	3	3	3	1	2	4	4	4	4	-9	-9	4	2	4	4	1	1	1	-9	-9	-9	-9	3	1	3	1	-9	1	4	4	-9	3	-9	4	3	4	3	2	4	3	-9	2	4	3	2	2	-9
CG4359_Ea	1	2	2	2	3	3	1	1	3	3	4	3	2	3	3	1	2	2	2	-9	1	1	2	4	1	3	-9	4	2	4	-9	3	3	4	2	-9	2	2	4	1	3	3	2	2	3	-9	3	3	4	3	3	4	3	3	3	1	2	4	4	4	4	-9	-9	4	2	4	4	1	1	1	-9	-9	-9	-9	3	1	3	1	-9	1	4	4	-9	3	-9	4	3	4	3	2	4	3	-9	2	4	3	2	2	-9
CG4360_Ea	1	2	2	2	3	3	1	1	3	3	4	3	2	3	3	1	2	2	2	1	1	1	2	4	1	3	1	4	2	4	3	3	3	4	2	3	2	2	4	1	3	3	2	2	3	2	3	3	4	3	3	4	3	3	3	1	2	4	4	4	4	4	3	4	2	4	4	1	1	1	1	4	4	3	3	1	3	1	3	1	4	4	4	3	4	4	3	4	3	2	4	3	2	2	2	1	3	2	1
CG4360_Ea	1	2	2	2	3	3	1	1	3	3	4	3	2	3	3	1	2	2	2	1	1	1	2	4	1	3	1	4	2	4	3	3	3	4	2	3	2	2	4	1	3	3	2	2	3	2	3	3	4	3	3	4	3	3	3	1	2	4	4	4	4	4	3	4	2	4	4	1	1	1	1	4	4	3	3	1	3	1	3	1	4	4	4	3	4	4	3	4	3	2	4	3	2	2	2	1	3	2	1
CG4354_Ea	1	2	2	2	1	-9	1	-9	3	3	4	3	2	1	3	1	2	2	2	1	1	1	2	-9	1	3	1	4	2	4	3	3	3	4	2	3	2	2	4	1	3	3	2	2	3	2	3	3	4	3	3	4	3	3	3	1	2	4	4	4	-9	4	3	4	2	4	4	1	1	1	1	4	4	3	3	1	3	1	3	1	4	4	4	3	4	4	3	4	3	2	4	3	2	2	2	1	3	4	1
CG4354_Ea	1	2	2	2	1	-9	1	-9	3	3	4	3	2	1	3	1	2	2	2	1	1	1	2	-9	1	3	1	4	2	4	3	3	3	4	2	3	2	2	4	1	3	3	2	2	3	2	3	3	4	3	3	4	3	3	3	1	2	4	4	4	-9	4	3	4	2	4	4	1	1	1	1	4	4	3	3	1	3	1	3	1	4	4	4	3	4	4	3	4	3	2	4	3	2	2	2	1	3	4	1
CG1602_Ea	1	2	2	2	3	3	1	1	3	3	4	3	2	3	3	1	2	2	2	1	1	1	2	4	1	3	1	4	2	4	3	3	3	4	2	3	2	2	4	1	3	3	2	2	3	2	3	3	4	3	3	4	3	3	3	1	2	4	4	4	4	4	3	4	2	4	4	1	1	1	-9	4	-9	1	3	1	3	1	3	1	4	1	4	1	4	4	-9	4	3	2	4	-9	2	2	2	1	3	2	-9
CG1602_Ea	1	2	2	2	3	3	1	1	3	3	4	3	2	3	3	1	2	2	2	1	1	1	2	4	1	3	1	4	2	4	3	3	3	4	2	3	2	2	4	1	3	3	2	2	3	2	3	3	4	3	3	4	3	3	3	1	2	4	4	4	4	4	3	4	2	4	4	1	1	1	-9	4	-9	1	3	1	3	1	3	1	4	1	4	1	4	4	-9	4	3	2	4	-9	2	2	2	1	3	2	-9
CG1601_Ea	1	2	2	2	3	-9	1	1	3	3	4	3	2	3	3	1	-9	2	2	1	1	1	2	-9	1	3	1	4	2	4	3	3	3	4	2	3	2	2	4	1	-9	-9	2	2	3	2	3	3	-9	3	3	4	3	3	3	-9	2	4	4	-9	-9	4	3	-9	2	4	-9	1	1	1	1	4	4	3	3	1	3	1	3	1	-9	-9	-9	-9	4	4	3	4	-9	2	4	-9	2	-9	2	1	-9	-9	-9
CG1601_Ea	1	2	2	2	3	-9	1	1	3	3	4	3	2	3	3	1	-9	2	2	1	1	1	2	-9	1	3	1	4	2	4	3	3	3	4	2	3	2	2	4	1	-9	-9	2	2	3	2	3	3	-9	3	3	4	3	3	3	-9	2	4	4	-9	-9	4	3	-9	2	4	-9	1	1	1	1	4	4	3	3	1	3	1	3	1	-9	-9	-9	-9	4	4	3	4	-9	2	4	-9	2	-9	2	1	-9	-9	-9
CG3143_Ea	1	2	-9	2	3	3	1	1	3	3	4	3	2	3	3	1	2	2	2	1	1	1	2	4	1	3	1	4	2	4	-9	-9	3	4	2	3	2	2	4	1	3	3	2	2	3	2	3	3	4	3	3	4	3	3	3	1	2	4	4	4	4	4	3	4	2	4	4	1	1	1	1	4	4	3	3	1	3	1	3	1	4	4	4	3	4	4	3	4	3	2	4	3	2	2	4	3	2	2	1
CG3143_Ea	1	2	-9	2	3	3	1	1	3	3	4	3	2	3	3	1	2	2	2	1	1	1	2	4	1	3	1	4	2	4	-9	-9	3	4	2	3	2	2	4	1	3	3	2	2	3	2	3	3	4	3	3	4	3	3	3	1	2	4	4	4	4	4	3	4	2	4	4	1	1	1	1	4	4	3	3	1	3	1	3	1	4	4	4	3	4	4	3	4	3	2	4	3	2	2	4	3	2	2	1
CG4353_Ea	1	2	2	2	3	3	1	1	3	3	4	3	2	3	3	1	2	4	2	1	1	1	2	4	1	3	1	4	-9	4	3	-9	3	4	2	3	1	2	4	1	3	3	2	2	3	2	3	3	4	3	3	4	3	3	3	1	2	4	4	4	4	4	3	4	2	4	4	1	1	1	1	4	4	3	3	1	3	1	3	1	4	4	4	1	2	4	3	4	3	-9	4	3	2	2	2	1	3	2	-9
CG4353_Ea	1	2	2	2	3	3	1	1	3	3	4	3	2	3	3	1	2	4	2	1	1	1	2	4	1	3	1	4	-9	4	3	-9	3	4	2	3	2	2	4	1	3	3	2	2	3	2	3	3	4	3	3	4	3	3	3	1	2	4	4	4	4	4	3	4	2	4	4	1	1	1	1	4	4	3	3	1	3	1	3	1	4	4	4	1	2	4	3	4	3	-9	4	3	2	2	2	1	3	2	-9
CG5232_Eu	2	2	2	2	3	3	1	1	3	3	4	3	2	1	3	1	3	2	4	3	3	4	1	1	1	3	1	4	2	4	3	3	3	4	2	3	2	2	4	1	3	3	2	2	3	2	3	3	4	3	3	3	3	3	3	1	2	4	4	4	4	4	3	4	2	4	4	1	1	1	1	4	4	3	3	1	3	1	3	1	4	4	4	3	4	4	3	2	3	2	4	3	1	2	4	3	3	4	1
CG5232_Eu	2	2	2	2	3	3	1	1	3	3	4	3	2	1	3	1	3	2	4	3	3	4	1	1	1	3	1	4	2	4	3	3	3	4	2	3	2	2	4	1	3	3	2	2	3	2	3	3	4	3	3	3	3	3	3	1	2	4	4	4	4	4	3	4	2	4	4	1	1	1	1	4	4	3	3	1	3	1	3	1	4	4	4	3	4	4	3	2	3	2	4	3	1	2	4	3	3	4	1
CG7023_Eu	2	2	2	2	1	3	1	1	3	3	3	3	2	1	3	1	3	2	4	3	3	4	1	1	1	1	1	4	2	4	3	3	3	4	2	3	1	2	4	1	3	3	2	2	3	2	3	3	4	3	3	4	3	3	3	1	2	4	4	4	4	4	3	4	2	4	4	1	1	1	1	4	4	3	3	1	3	1	3	1	4	4	4	3	4	4	3	2	3	2	4	3	1	2	4	3	2	2	1
CG7023_Eu	2	2	2	2	3	3	1	1	3	3	4	3	2	1	3	1	3	2	4	3	3	4	1	1	1	3	3	4	2	4	3	3	3	4	2	3	2	2	4	1	3	3	2	2	3	2	3	3	4	3	3	4	3	3	3	1	2	4	4	4	4	4	3	4	2	4	4	1	1	1	1	4	4	3	3	1	3	1	3	1	4	4	4	3	4	4	3	2	3	2	4	3	1	2	4	3	2	2	1
CG5234_Eu	2	2	2	2	3	3	1	1	3	3	4	3	2	-9	3	1	3	2	4	3	3	4	1	1	1	3	1	4	2	4	3	3	3	4	2	3	2	2	4	1	3	3	2	2	3	2	3	3	4	3	3	4	3	3	3	1	2	4	4	4	4	4	3	4	2	4	4	1	1	1	1	4	4	3	3	1	3	1	3	1	4	4	4	3	4	4	3	2	3	2	4	3	1	2	4	3	3	4	1
CG5234_Eu	2	2	2	2	3	3	1	1	3	3	4	3	2	-9	3	1	3	2	4	3	3	4	1	1	1	3	1	4	2	4	3	3	3	4	2	3	2	2	4	1	3	3	2	2	3	2	3	3	4	3	3	4	3	3	3	1	2	4	4	4	4	4	3	4	2	4	4	1	1	1	1	4	4	3	3	1	3	1	3	1	4	4	4	3	4	4	3	2	3	2	4	3	1	2	4	3	3	4	1
CG5483_Eu	2	2	2	2	3	3	1	1	3	3	4	3	2	1	3	1	3	2	4	3	3	4	1	1	1	1	1	4	2	4	3	3	3	4	2	3	2	2	4	1	3	3	2	2	3	2	3	3	4	1	1	3	3	3	3	1	2	4	4	4	4	4	3	4	2	4	4	1	1	1	1	4	4	3	3	1	3	1	3	1	4	4	4	3	4	4	3	2	3	2	4	3	1	2	4	3	2	2	1
CG5483_Eu	2	2	2	2	3	3	1	1	3	3	4	3	2	1	3	1	3	2	4	3	3	4	1	1	1	1	3	4	2	4	3	3	3	4	2	3	2	2	4	1	3	3	2	2	3	2	3	3	4	3	3	4	3	3	3	1	2	4	4	4	4	4	3	4	2	4	4	1	1	1	1	4	4	3	3	1	3	1	3	1	4	4	4	3	4	4	3	2	3	2	4	3	1	2	4	3	2	2	1
CG5670_Eu	2	2	2	2	3	3	1	1	3	3	4	3	2	1	3	1	3	2	4	3	3	4	1	1	1	3	1	4	2	4	3	3	3	4	2	3	2	2	4	1	3	3	2	2	3	2	3	3	4	3	3	4	3	3	3	1	2	4	4	4	4	4	3	4	2	4	4	1	1	1	1	4	4	3	3	1	3	1	3	1	4	4	4	3	4	4	3	2	3	2	4	3	1	2	4	3	3	4	1
CG5670_Eu	2	2	2	2	3	3	1	1	3	3	4	3	2	1	3	1	3	2	4	3	3	4	1	1	1	3	1	4	2	4	3	3	3	4	2	3	2	2	4	1	3	3	2	2	3	2	3	3	4	3	3	4	3	3	3	1	2	4	4	4	4	4	3	4	2	4	4	1	1	1	1	4	4	3	3	1	3	1	3	1	4	4	4	3	4	4	3	2	3	2	4	3	1	2	4	3	3	4	1
CG5797_Eu	2	2	2	2	3	3	1	1	3	3	4	3	2	1	3	1	3	2	4	3	3	4	1	1	1	3	1	4	2	4	3	3	3	4	2	3	2	2	4	1	3	3	2	2	3	2	3	3	4	3	3	4	3	3	3	1	2	4	4	4	4	4	3	4	2	4	4	1	1	1	1	4	4	3	3	1	3	1	3	1	4	4	4	3	4	4	3	2	3	2	4	3	1	2	4	3	3	4	1
CG5797_Eu	2	2	2	2	3	3	1	1	3	3	4	3	2	1	3	1	3	2	4	3	3	4	1	1	1	3	1	4	2	4	3	3	3	4	2	3	2	2	4	1	3	3	2	2	3	2	3	3	4	3	3	4	3	3	3	1	2	4	4	4	4	4	3	4	2	4	4	1	1	1	1	4	4	3	3	1	3	1	3	1	4	4	4	3	4	4	3	2	3	2	4	3	1	2	4	3	3	4	1
CG6508_Eu	2	2	2	2	3	3	1	1	3	3	4	3	2	1	3	1	2	2	2	1	1	1	2	4	1	3	1	4	2	4	3	3	3	4	2	3	2	2	4	1	3	3	2	2	3	2	3	3	4	3	3	4	3	3	3	1	2	4	4	4	4	4	3	4	2	4	4	1	1	1	1	4	4	3	3	1	3	1	3	1	4	1	4	1	2	4	3	4	3	2	4	3	2	2	2	1	3	2	1
CG6508_Eu	2	2	2	2	3	3	1	1	3	3	4	3	2	1	3	1	2	2	2	1	1	1	2	4	1	3	1	4	2	4	3	3	3	4	2	3	2	2	4	1	3	3	2	2	3	2	3	3	4	3	3	4	3	3	3	1	2	4	4	4	4	4	3	4	2	4	4	1	1	1	1	4	4	3	3	1	3	1	3	1	4	1	4	1	2	4	3	4	3	2	4	3	2	2	2	1	3	2	1
CG7017_Eu	2	2	2	2	3	3	1	1	3	3	4	3	2	1	3	1	3	2	4	3	3	4	1	1	1	3	1	4	2	4	3	3	3	4	2	3	2	2	4	1	3	3	2	2	3	2	3	3	4	3	3	4	3	3	3	1	2	4	4	4	4	4	3	4	2	4	4	1	1	1	1	4	4	3	3	1	3	1	3	1	4	4	4	3	4	4	3	2	3	2	4	3	1	2	4	3	3	4	1
CG7017_Eu	2	2	2	2	3	3	1	1	3	3	4	3	2	1	3	1	3	2	4	3	3	4	1	1	1	3	1	4	2	4	3	3	3	4	2	3	2	2	4	1	3	3	2	2	3	2	3	3	4	3	3	4	3	3	3	1	2	4	4	4	4	4	3	4	2	4	4	1	1	1	1	4	4	3	3	1	3	1	3	1	4	4	4	3	4	4	3	2	3	2	4	3	1	2	4	3	3	4	1
CG7110_Eu	2	2	2	2	3	3	1	1	3	3	4	3	2	1	3	1	3	2	4	3	3	4	1	1	1	3	1	4	2	4	3	3	3	4	2	3	2	2	4	1	3	3	2	2	3	2	3	3	4	3	3	4	3	3	3	1	2	4	4	4	4	4	3	4	2	4	4	1	1	1	1	4	4	3	3	1	3	1	3	1	4	4	4	3	4	4	3	2	3	2	4	3	1	2	4	3	3	4	1
CG7110_Eu	2	2	2	2	3	3	1	1	3	3	4	3	2	1	3	1	3	2	4	3	3	4	1	1	1	3	1	4	2	4	3	3	3	4	2	3	2	2	4	1	3	3	2	2	3	2	3	3	4	3	3	4	3	3	3	1	2	4	4	4	4	4	3	4	2	4	4	1	1	1	1	4	4	3	3	1	3	1	3	1	4	4	4	3	4	4	3	2	3	2	4	3	1	2	4	3	3	4	1
CG7086_Eu	2	2	2	2	3	3	1	1	3	3	4	3	2	1	3	1	3	2	4	3	3	4	1	1	1	1	1	4	2	4	3	3	3	4	2	3	2	2	4	1	3	3	2	2	2	2	3	3	4	1	3	3	3	3	3	1	2	4	4	4	4	4	3	4	2	4	4	1	1	1	1	4	4	3	3	1	3	1	3	1	4	4	4	3	4	4	3	2	3	2	4	3	1	2	4	3	2	2	1
CG7086_Eu	2	2	2	2	3	3	1	1	3	3	4	3	4	1	3	1	3	2	4	3	3	4	1	1	1	3	1	4	2	4	3	3	3	4	2	3	2	2	4	1	3	3	2	4	3	2	3	4	4	3	3	4	3	3	3	1	2	4	4	4	4	4	3	4	2	4	4	1	1	1	1	4	4	3	3	1	3	1	3	1	4	4	4	3	4	4	3	2	3	2	4	3	1	2	4	3	3	4	1
CG7704_Eu	2	2	2	2	3	3	1	1	3	3	4	3	2	1	3	1	3	2	4	3	3	4	1	1	1	3	1	4	2	4	3	3	3	4	2	3	2	2	4	1	3	3	2	2	3	2	3	3	4	3	3	4	3	3	3	1	2	4	4	4	4	4	3	4	2	4	4	1	1	1	1	4	4	3	3	1	3	1	3	1	4	4	4	3	4	4	3	2	3	2	4	3	1	2	4	3	3	4	1
CG7704_Eu	2	2	2	2	3	3	1	1	3	3	4	3	2	1	3	1	3	2	4	3	3	4	1	1	1	3	1	4	2	4	3	3	3	4	2	3	2	2	4	1	3	3	2	2	3	2	3	3	4	3	3	4	3	3	3	1	2	4	4	4	4	4	3	4	2	4	4	1	1	1	1	4	4	3	3	1	3	1	3	1	4	4	4	3	4	4	3	2	3	2	4	3	1	2	4	3	3	4	1
CG5539_Eu	2	2	2	2	3	3	1	1	3	3	4	3	2	1	3	1	3	2	4	3	3	4	1	1	1	3	1	4	2	4	3	3	3	4	2	3	2	2	4	1	3	3	2	2	3	2	3	3	4	3	3	4	3	3	3	1	2	4	4	4	4	4	3	4	2	4	4	1	1	1	1	4	4	3	3	1	3	1	3	1	4	4	4	3	4	4	3	2	3	2	4	3	1	2	4	3	2	2	1
CG5539_Eu	2	2	2	2	3	3	1	1	3	3	4	3	2	1	3	1	3	2	4	3	3	4	1	1	1	3	1	4	2	4	3	3	3	4	2	3	2	2	4	1	3	3	2	2	3	2	3	3	4	3	3	4	3	3	3	1	2	4	4	4	4	4	3	4	2	4	4	1	1	1	1	4	4	3	3	1	3	1	3	1	4	4	4	3	4	4	3	2	3	2	4	3	1	2	4	3	3	4	1
CG5031_Eu	2	2	2	2	3	3	1	1	3	3	4	3	2	1	3	1	3	2	4	3	3	4	1	1	1	1	3	4	2	4	3	3	3	4	2	3	2	2	4	1	3	3	2	2	3	2	3	3	4	3	3	4	3	3	3	1	2	4	4	4	4	4	3	4	2	4	4	1	1	1	1	4	4	3	3	1	3	1	3	1	4	4	4	3	4	4	3	2	3	2	4	3	1	2	4	3	3	4	1
CG5031_Eu	2	2	2	2	3	3	1	1	3	3	4	3	2	1	3	1	3	2	4	3	3	4	1	1	1	1	3	4	2	4	3	3	3	4	2	3	2	2	4	1	3	3	2	2	3	2	3	3	4	3	3	4	3	3	3	1	2	4	4	4	4	4	3	4	2	4	4	1	1	1	1	4	4	3	3	1	3	1	3	1	4	4	4	3	4	4	3	2	3	2	4	3	1	2	4	3	3	4	1
